							************************
									 rsiena_try_report.txt
							************************

Filename is rsiena_try_report.txt.

This file contains basic descriptives for SIENA data set <<rsiena_try>>.

Date and time: 21/09/2026 16:48:31 

RSiena version 1.6.6 (20 04 2026)


@1
Data input.
===========

121 observations,
121 actors,
0 dependent network variables,
0 dependent bipartite variables,
2 dependent discrete behavior variables,
0 dependent continuous behavior variables,
0 constant actor covariates,
0 exogenous changing actor covariates,
0 constant dyadic covariates,
0 exogenous changing dyadic covariates,
0 no files with times of composition change.


@2
Reading dependent actor variables.
----------------------------------

1st dependent actor variable named strongnetw_RS_T1.
Maximum and minimum rounded values are 0 and 1.
Missing values in this actor variable are imputed by the mode per observation.
But if there is a previous (or later) nonmissing value, this is used as the imputed value.
Modal values:
Observation	   1    2    3    4    5    6    7    8    9   10   11   12   13   14   15   16   17   18   19   20   21   22   23   24   25   26   27   28   29   30   31   32   33   34   35   36   37   38   39   40   41   42   43   44   45   46   47   48   49   50   51   52   53   54   55   56   57   58   59   60   61   62   63   64   65   66   67   68   69   70   71   72   73   74   75   76   77   78   79   80   81   82   83   84   85   86   87   88   89   90   91   92   93   94   95   96   97   98   99  100  101  102  103  104  105  106  107  108  109  110  111  112  113  114  115  116  117  118  119  120  121 
Modes           0    0    0    0    0    0    0    0    0    0    0    0    0    0    0    0    0    0    0    0    0    0    0    0    0    0    0    0    0    0    0    0    0    0    0    0    0    0    0    0    0    0    0    0    0    0    0    0    0    0    0    0    0    0    0    0    0    0    0    0    0    0    0    0    0    0    0    0    0    0    0    0    0    0    0    0    0    0    0    0    0    0    0    0    0    0    0    0    0    0    0    0    0    0    0    0    0    0    0    0    0    0    0    0    0    0    0    0    0    0    0    0    0    0    0    0    0    0    0    0    0

2nd dependent actor variable named strongnetw_RS_T2.
Maximum and minimum rounded values are 0 and 1.
Missing values in this actor variable are imputed by the mode per observation.
But if there is a previous (or later) nonmissing value, this is used as the imputed value.
Modal values:
Observation	   1    2    3    4    5    6    7    8    9   10   11   12   13   14   15   16   17   18   19   20   21   22   23   24   25   26   27   28   29   30   31   32   33   34   35   36   37   38   39   40   41   42   43   44   45   46   47   48   49   50   51   52   53   54   55   56   57   58   59   60   61   62   63   64   65   66   67   68   69   70   71   72   73   74   75   76   77   78   79   80   81   82   83   84   85   86   87   88   89   90   91   92   93   94   95   96   97   98   99  100  101  102  103  104  105  106  107  108  109  110  111  112  113  114  115  116  117  118  119  120  121 
Modes           0    0    0    0    0    0    0    0    0    0    0    0    0    0    0    0    0    0    0    0    0    0    0    0    0    0    0    0    0    0    0    0    0    0    0    0    0    0    0    0    0    0    0    0    0    0    0    0    0    0    0    0    0    0    0    0    0    0    0    0    0    0    0    0    0    0    0    0    0    0    0    0    0    0    0    0    0    0    0    0    0    0    0    0    0    0    0    0    0    0    0    0    0    0    0    0    0    0    0    0    0    0    0    0    0    0    0    0    0    0    0    0    0    0    0    0    0    0    0    0    0


A total of 2 dependent actor variables.

Number of missing cases per observation:
 observation         1         2         3         4         5         6         7         8         9        10        11        12        13        14        15        16        17        18        19        20        21        22        23        24        25        26        27        28        29        30        31        32        33        34        35        36        37        38        39        40        41        42        43        44        45        46        47        48        49        50        51        52        53        54        55        56        57        58        59        60        61        62        63        64        65        66        67        68        69        70        71        72        73        74        75        76        77        78        79        80        81        82        83        84        85        86        87        88        89        90        91        92        93        94        95        96        97        98        99       100       101       102       103       104       105       106       107       108       109       110       111       112       113       114       115       116       117       118       119       120       121		overall
strongnetw_RS_T1        11        11        11        11        11        11        11        11        11        11        11        11        11        11        11        11        11        11        11        11        11        11        11        11        11        11        11        11        11        11        11        11        11        11        11        11        11        11        11        11        11        11        11        11        11        11        11        11        11        11        11        11        11        11        11        11        11        11        11        11        11        11        11        11        11        11        11        11        11        11        11        11        11        11        11        11        11        11        11        11        11        11        11        11        11        11        11        11        11        11        11        11        11        11        11        11        11        11        11        11        11        11        11        11        11        11        11        11        11        11        11        11        11        11        11        11        11        11        11        11        11      1331	  ( 9.1 %)
strongnetw_RS_T2         9         9         9         9         9         9         9         9         9         9         9         9         9         9         9         9         9         9         9         9         9         9         9         9         9         9         9         9         9         9         9         9         9         9         9         9         9         9         9         9         9         9         9         9         9         9         9         9         9         9         9         9         9         9         9         9         9         9         9         9         9         9         9         9         9         9         9         9         9         9         9         9         9         9         9         9         9         9         9         9         9         9         9         9         9         9         9         9         9         9         9         9         9         9         9         9         9         9         9         9         9         9         9         9         9         9         9         9         9         9         9         9         9         9         9         9         9         9         9         9         9      1089	  ( 7.4 %)

Means per observation:
 observation         1         2         3         4         5         6         7         8         9        10        11        12        13        14        15        16        17        18        19        20        21        22        23        24        25        26        27        28        29        30        31        32        33        34        35        36        37        38        39        40        41        42        43        44        45        46        47        48        49        50        51        52        53        54        55        56        57        58        59        60        61        62        63        64        65        66        67        68        69        70        71        72        73        74        75        76        77        78        79        80        81        82        83        84        85        86        87        88        89        90        91        92        93        94        95        96        97        98        99       100       101       102       103       104       105       106       107       108       109       110       111       112       113       114       115       116       117       118       119       120       121		overall
strongnetw_RS_T1     0.027     0.055     0.009     0.064     0.027     0.055     0.000     0.027     0.036     0.027     0.036     0.027     0.018     0.036     0.009     0.009     0.009     0.027     0.009     0.000     0.000     0.064     0.036     0.082     0.018     0.009     0.000     0.000     0.009     0.027     0.091     0.064     0.082     0.027     0.009     0.018     0.027     0.000     0.000     0.064     0.000     0.055     0.000     0.000     0.018     0.100     0.027     0.055     0.073     0.055     0.000     0.009     0.009     0.064     0.000     0.027     0.036     0.055     0.000     0.009     0.000     0.055     0.073     0.009     0.009     0.055     0.064     0.045     0.036     0.045     0.009     0.009     0.018     0.009     0.027     0.027     0.073     0.018     0.055     0.018     0.055     0.045     0.118     0.018     0.027     0.018     0.009     0.064     0.055     0.018     0.055     0.064     0.018     0.000     0.036     0.073     0.009     0.000     0.027     0.000     0.000     0.027     0.018     0.018     0.000     0.073     0.000     0.018     0.045     0.009     0.027     0.082     0.000     0.000     0.000     0.055     0.018     0.082     0.000     0.027     0.000      0.03
strongnetw_RS_T2     0.018     0.018     0.000     0.045     0.009     0.018     0.045     0.018     0.018     0.000     0.009     0.036     0.018     0.000     0.009     0.009     0.009     0.018     0.009     0.000     0.000     0.045     0.000     0.054     0.036     0.000     0.000     0.009     0.027     0.018     0.000     0.036     0.071     0.018     0.000     0.018     0.036     0.027     0.018     0.027     0.045     0.027     0.000     0.000     0.018     0.045     0.027     0.027     0.027     0.018     0.036     0.000     0.018     0.062     0.000     0.000     0.018     0.045     0.009     0.009     0.018     0.018     0.036     0.000     0.018     0.027     0.000     0.000     0.027     0.018     0.000     0.018     0.018     0.000     0.027     0.000     0.054     0.018     0.027     0.018     0.018     0.027     0.089     0.018     0.018     0.009     0.018     0.027     0.000     0.009     0.054     0.000     0.018     0.009     0.062     0.054     0.027     0.000     0.018     0.000     0.009     0.018     0.036     0.018     0.018     0.036     0.000     0.009     0.045     0.000     0.000     0.027     0.000     0.018     0.000     0.054     0.018     0.045     0.054     0.018     0.009      0.02



Behavior variable strongnetw_RS_T1:
All behavior changes are upward for the following periods:
7 => 8; 13 => 14; 20 => 21; 21 => 22; 27 => 28; 28 => 29; 38 => 39; 39 => 40; 
41 => 42; 43 => 44; 44 => 45; 51 => 52; 55 => 56; 59 => 60; 61 => 62; 94 => 95; 
98 => 99; 100 => 101; 101 => 102; 105 => 106; 107 => 108; 113 => 114; 
114 => 115; 115 => 116; 119 => 120;
This will be respected in the simulations.


Behavior variable strongnetw_RS_T2:
All behavior changes are upward for the following periods:
3 => 4; 10 => 11; 14 => 15; 20 => 21; 21 => 22; 23 => 24; 26 => 27; 27 => 28; 
31 => 32; 35 => 36; 43 => 44; 44 => 45; 52 => 53; 55 => 56; 56 => 57; 64 => 65; 
67 => 68; 68 => 69; 71 => 72; 74 => 75; 76 => 77; 82 => 83; 89 => 90; 92 => 93; 
98 => 99; 100 => 101; 107 => 108; 110 => 111; 111 => 112; 113 => 114; 
115 => 116;
This will be respected in the simulations.


Behavior strongnetw_RS_T1:
All behavior changes are downward for the following periods:
6 => 7; 19 => 20; 20 => 21; 26 => 27; 27 => 28; 37 => 38; 38 => 39; 40 => 41; 
42 => 43; 43 => 44; 50 => 51; 54 => 55; 58 => 59; 60 => 61; 93 => 94; 97 => 98; 
99 => 100; 100 => 101; 104 => 105; 106 => 107; 112 => 113; 113 => 114; 
114 => 115; 118 => 119; 120 => 121;
This will be respected in the simulations.


Behavior strongnetw_RS_T2:
All behavior changes are downward for the following periods:
2 => 3; 9 => 10; 13 => 14; 19 => 20; 20 => 21; 22 => 23; 25 => 26; 26 => 27; 
30 => 31; 34 => 35; 42 => 43; 43 => 44; 51 => 52; 54 => 55; 55 => 56; 63 => 64; 
66 => 67; 67 => 68; 70 => 71; 73 => 74; 75 => 76; 88 => 89; 91 => 92; 97 => 98; 
99 => 100; 106 => 107; 109 => 110; 110 => 111; 112 => 113; 114 => 115;
This will be respected in the simulations.

There are missing data for behavior variable strongnetw_RS_T1.
There are missing data for behavior variable strongnetw_RS_T2.

For the similarity variable calculated from each actor covariate,
the mean is subtracted.
These means are:
Similarity strongnetw_RS_T1         :       0.9429 
Similarity strongnetw_RS_T2         :       0.9611 



@1
Initial data description.
=========================



@2
Dependent discrete actor variables:
-----------------------------------


@3
Marginal distributions
                      
Dependent actor variable 1: strongnetw_RS_T1
                                                                                                                                                                                                                                                                                                                                                                                  Observations
values               1     2     3     4     5     6     7     8     9    10    11    12    13    14    15    16    17    18    19    20    21    22    23    24    25    26    27    28    29    30    31    32    33    34    35    36    37    38    39    40    41    42    43    44    45    46    47    48    49    50    51    52    53    54    55    56    57    58    59    60    61    62    63    64    65    66    67    68    69    70    71    72    73    74    75    76    77    78    79    80    81    82    83    84    85    86    87    88    89    90    91    92    93    94    95    96    97    98    99   100   101   102   103   104   105   106   107   108   109   110   111   112   113   114   115   116   117   118   119   120   121
                ------------------------------------------------------------------------------------------------------------------------------------------------------------------------------------------------------------------------------------------------------------------------------------------------------------------------------------------------------------------------------------------------------------------------------------------------------------------------------------------------------------------------------------------------------------------------------------------------------------------------------------------------------------------------------------------------------------------------------------------------------
  0                107   104   109   103   107   104   110   107   106   107   106   107   108   106   109   109   109   107   109   110   110   103   106   101   108   109   110   110   109   107   100   103   101   107   109   108   107   110   110   103   110   104   110   110   108    99   107   104   102   104   110   109   109   103   110   107   106   104   110   109   110   104   102   109   109   104   103   105   106   105   109   109   108   109   107   107   102   108   104   108   104   105    97   108   107   108   109   103   104   108   104   103   108   110   106   102   109   110   107   110   110   107   108   108   110   102   110   108   105   109   107   101   110   110   110   104   108   101   110   107   110
  1                  3     6     1     7     3     6     0     3     4     3     4     3     2     4     1     1     1     3     1     0     0     7     4     9     2     1     0     0     1     3    10     7     9     3     1     2     3     0     0     7     0     6     0     0     2    11     3     6     8     6     0     1     1     7     0     3     4     6     0     1     0     6     8     1     1     6     7     5     4     5     1     1     2     1     3     3     8     2     6     2     6     5    13     2     3     2     1     7     6     2     6     7     2     0     4     8     1     0     3     0     0     3     2     2     0     8     0     2     5     1     3     9     0     0     0     6     2     9     0     3     0
missing             11    11    11    11    11    11    11    11    11    11    11    11    11    11    11    11    11    11    11    11    11    11    11    11    11    11    11    11    11    11    11    11    11    11    11    11    11    11    11    11    11    11    11    11    11    11    11    11    11    11    11    11    11    11    11    11    11    11    11    11    11    11    11    11    11    11    11    11    11    11    11    11    11    11    11    11    11    11    11    11    11    11    11    11    11    11    11    11    11    11    11    11    11    11    11    11    11    11    11    11    11    11    11    11    11    11    11    11    11    11    11    11    11    11    11    11    11    11    11    11    11

(fraction missing  0.09  0.09  0.09  0.09  0.09  0.09  0.09  0.09  0.09  0.09  0.09  0.09  0.09  0.09  0.09  0.09  0.09  0.09  0.09  0.09  0.09  0.09  0.09  0.09  0.09  0.09  0.09  0.09  0.09  0.09  0.09  0.09  0.09  0.09  0.09  0.09  0.09  0.09  0.09  0.09  0.09  0.09  0.09  0.09  0.09  0.09  0.09  0.09  0.09  0.09  0.09  0.09  0.09  0.09  0.09  0.09  0.09  0.09  0.09  0.09  0.09  0.09  0.09  0.09  0.09  0.09  0.09  0.09  0.09  0.09  0.09  0.09  0.09  0.09  0.09  0.09  0.09  0.09  0.09  0.09  0.09  0.09  0.09  0.09  0.09  0.09  0.09  0.09  0.09  0.09  0.09  0.09  0.09  0.09  0.09  0.09  0.09  0.09  0.09  0.09  0.09  0.09  0.09  0.09  0.09  0.09  0.09  0.09  0.09  0.09  0.09  0.09  0.09  0.09  0.09  0.09  0.09  0.09  0.09  0.09  0.09  )
Dependent actor variable 2: strongnetw_RS_T2
                                                                                                                                                                                                                                                                                                                                                                                  Observations
values               1     2     3     4     5     6     7     8     9    10    11    12    13    14    15    16    17    18    19    20    21    22    23    24    25    26    27    28    29    30    31    32    33    34    35    36    37    38    39    40    41    42    43    44    45    46    47    48    49    50    51    52    53    54    55    56    57    58    59    60    61    62    63    64    65    66    67    68    69    70    71    72    73    74    75    76    77    78    79    80    81    82    83    84    85    86    87    88    89    90    91    92    93    94    95    96    97    98    99   100   101   102   103   104   105   106   107   108   109   110   111   112   113   114   115   116   117   118   119   120   121
                ------------------------------------------------------------------------------------------------------------------------------------------------------------------------------------------------------------------------------------------------------------------------------------------------------------------------------------------------------------------------------------------------------------------------------------------------------------------------------------------------------------------------------------------------------------------------------------------------------------------------------------------------------------------------------------------------------------------------------------------------------
  0                110   110   112   107   111   110   107   110   110   112   111   108   110   112   111   111   111   110   111   112   112   107   112   106   108   112   112   111   109   110   112   108   104   110   112   110   108   109   110   109   107   109   112   112   110   107   109   109   109   110   108   112   110   105   112   112   110   107   111   111   110   110   108   112   110   109   112   112   109   110   112   110   110   112   109   112   106   110   109   110   110   109   102   110   110   111   110   109   112   111   106   112   110   111   105   106   109   112   110   112   111   110   108   110   110   108   112   111   107   112   112   109   112   110   112   106   110   107   106   110   111
  1                  2     2     0     5     1     2     5     2     2     0     1     4     2     0     1     1     1     2     1     0     0     5     0     6     4     0     0     1     3     2     0     4     8     2     0     2     4     3     2     3     5     3     0     0     2     5     3     3     3     2     4     0     2     7     0     0     2     5     1     1     2     2     4     0     2     3     0     0     3     2     0     2     2     0     3     0     6     2     3     2     2     3    10     2     2     1     2     3     0     1     6     0     2     1     7     6     3     0     2     0     1     2     4     2     2     4     0     1     5     0     0     3     0     2     0     6     2     5     6     2     1
missing              9     9     9     9     9     9     9     9     9     9     9     9     9     9     9     9     9     9     9     9     9     9     9     9     9     9     9     9     9     9     9     9     9     9     9     9     9     9     9     9     9     9     9     9     9     9     9     9     9     9     9     9     9     9     9     9     9     9     9     9     9     9     9     9     9     9     9     9     9     9     9     9     9     9     9     9     9     9     9     9     9     9     9     9     9     9     9     9     9     9     9     9     9     9     9     9     9     9     9     9     9     9     9     9     9     9     9     9     9     9     9     9     9     9     9     9     9     9     9     9     9

(fraction missing  0.07  0.07  0.07  0.07  0.07  0.07  0.07  0.07  0.07  0.07  0.07  0.07  0.07  0.07  0.07  0.07  0.07  0.07  0.07  0.07  0.07  0.07  0.07  0.07  0.07  0.07  0.07  0.07  0.07  0.07  0.07  0.07  0.07  0.07  0.07  0.07  0.07  0.07  0.07  0.07  0.07  0.07  0.07  0.07  0.07  0.07  0.07  0.07  0.07  0.07  0.07  0.07  0.07  0.07  0.07  0.07  0.07  0.07  0.07  0.07  0.07  0.07  0.07  0.07  0.07  0.07  0.07  0.07  0.07  0.07  0.07  0.07  0.07  0.07  0.07  0.07  0.07  0.07  0.07  0.07  0.07  0.07  0.07  0.07  0.07  0.07  0.07  0.07  0.07  0.07  0.07  0.07  0.07  0.07  0.07  0.07  0.07  0.07  0.07  0.07  0.07  0.07  0.07  0.07  0.07  0.07  0.07  0.07  0.07  0.07  0.07  0.07  0.07  0.07  0.07  0.07  0.07  0.07  0.07  0.07  0.07  )



@3
Changes
       
Dependent actor variable 1: strongnetw_RS_T1
 periods    actors:  down   up   constant  missing  ;   steps:   down    up  total
  1  =>  2             2     5     103        11                    2     5     7
  2  =>  3             6     1     103        11                    6     1     7
  3  =>  4             1     7     102        11                    1     7     8
  4  =>  5             7     3     100        11                    7     3    10
  5  =>  6             3     6     101        11                    3     6     9
  6  =>  7             6     0     104        11                    6     0     6
  7  =>  8             0     3     107        11                    0     3     3
  8  =>  9             2     3     105        11                    2     3     5
  9  => 10             4     3     103        11                    4     3     7
 10  => 11             3     4     103        11                    3     4     7
 11  => 12             4     3     103        11                    4     3     7
 12  => 13             3     2     105        11                    3     2     5
 13  => 14             0     2     108        11                    0     2     2
 14  => 15             4     1     105        11                    4     1     5
 15  => 16             1     1     108        11                    1     1     2
 16  => 17             1     1     108        11                    1     1     2
 17  => 18             1     3     106        11                    1     3     4
 18  => 19             3     1     106        11                    3     1     4
 19  => 20             1     0     109        11                    1     0     1
 20  => 21             0     0     110        11                    0     0     0
 21  => 22             0     7     103        11                    0     7     7
 22  => 23             7     4      99        11                    7     4    11
 23  => 24             3     8      99        11                    3     8    11
 24  => 25             9     2      99        11                    9     2    11
 25  => 26             2     1     107        11                    2     1     3
 26  => 27             1     0     109        11                    1     0     1
 27  => 28             0     0     110        11                    0     0     0
 28  => 29             0     1     109        11                    0     1     1
 29  => 30             1     3     106        11                    1     3     4
 30  => 31             2     9      99        11                    2     9    11
 31  => 32             7     4      99        11                    7     4    11
 32  => 33             7     9      94        11                    7     9    16
 33  => 34             9     3      98        11                    9     3    12
 34  => 35             3     1     106        11                    3     1     4
 35  => 36             1     2     107        11                    1     2     3
 36  => 37             2     3     105        11                    2     3     5
 37  => 38             3     0     107        11                    3     0     3
 38  => 39             0     0     110        11                    0     0     0
 39  => 40             0     7     103        11                    0     7     7
 40  => 41             7     0     103        11                    7     0     7
 41  => 42             0     6     104        11                    0     6     6
 42  => 43             6     0     104        11                    6     0     6
 43  => 44             0     0     110        11                    0     0     0
 44  => 45             0     2     108        11                    0     2     2
 45  => 46             2    11      97        11                    2    11    13
 46  => 47            11     3      96        11                   11     3    14
 47  => 48             3     6     101        11                    3     6     9
 48  => 49             6     8      96        11                    6     8    14
 49  => 50             7     5      98        11                    7     5    12
 50  => 51             6     0     104        11                    6     0     6
 51  => 52             0     1     109        11                    0     1     1
 52  => 53             1     1     108        11                    1     1     2
 53  => 54             1     7     102        11                    1     7     8
 54  => 55             7     0     103        11                    7     0     7
 55  => 56             0     3     107        11                    0     3     3
 56  => 57             3     4     103        11                    3     4     7
 57  => 58             4     6     100        11                    4     6    10
 58  => 59             6     0     104        11                    6     0     6
 59  => 60             0     1     109        11                    0     1     1
 60  => 61             1     0     109        11                    1     0     1
 61  => 62             0     6     104        11                    0     6     6
 62  => 63             6     8      96        11                    6     8    14
 63  => 64             8     1     101        11                    8     1     9
 64  => 65             1     1     108        11                    1     1     2
 65  => 66             1     6     103        11                    1     6     7
 66  => 67             5     6      99        11                    5     6    11
 67  => 68             6     4     100        11                    6     4    10
 68  => 69             5     4     101        11                    5     4     9
 69  => 70             3     4     103        11                    3     4     7
 70  => 71             5     1     104        11                    5     1     6
 71  => 72             1     1     108        11                    1     1     2
 72  => 73             1     2     107        11                    1     2     3
 73  => 74             2     1     107        11                    2     1     3
 74  => 75             1     3     106        11                    1     3     4
 75  => 76             3     3     104        11                    3     3     6
 76  => 77             2     7     101        11                    2     7     9
 77  => 78             8     2     100        11                    8     2    10
 78  => 79             2     6     102        11                    2     6     8
 79  => 80             6     2     102        11                    6     2     8
 80  => 81             2     6     102        11                    2     6     8
 81  => 82             6     5      99        11                    6     5    11
 82  => 83             3    11      96        11                    3    11    14
 83  => 84            13     2      95        11                   13     2    15
 84  => 85             1     2     107        11                    1     2     3
 85  => 86             3     2     105        11                    3     2     5
 86  => 87             2     1     107        11                    2     1     3
 87  => 88             1     7     102        11                    1     7     8
 88  => 89             7     6      97        11                    7     6    13
 89  => 90             6     2     102        11                    6     2     8
 90  => 91             2     6     102        11                    2     6     8
 91  => 92             6     7      97        11                    6     7    13
 92  => 93             7     2     101        11                    7     2     9
 93  => 94             2     0     108        11                    2     0     2
 94  => 95             0     4     106        11                    0     4     4
 95  => 96             4     8      98        11                    4     8    12
 96  => 97             8     1     101        11                    8     1     9
 97  => 98             1     0     109        11                    1     0     1
 98  => 99             0     3     107        11                    0     3     3
 99  =>100             3     0     107        11                    3     0     3
100  =>101             0     0     110        11                    0     0     0
101  =>102             0     3     107        11                    0     3     3
102  =>103             3     2     105        11                    3     2     5
103  =>104             2     2     106        11                    2     2     4
104  =>105             2     0     108        11                    2     0     2
105  =>106             0     8     102        11                    0     8     8
106  =>107             8     0     102        11                    8     0     8
107  =>108             0     2     108        11                    0     2     2
108  =>109             2     5     103        11                    2     5     7
109  =>110             5     1     104        11                    5     1     6
110  =>111             1     3     106        11                    1     3     4
111  =>112             2     8     100        11                    2     8    10
112  =>113             9     0     101        11                    9     0     9
113  =>114             0     0     110        11                    0     0     0
114  =>115             0     0     110        11                    0     0     0
115  =>116             0     6     104        11                    0     6     6
116  =>117             6     2     102        11                    6     2     8
117  =>118             2     9      99        11                    2     9    11
118  =>119             9     0     101        11                    9     0     9
119  =>120             0     3     107        11                    0     3     3
120  =>121             3     0     107        11                    3     0     3

For this variable, the standard initial behavioral tendency parameter is  -0.0040
Dependent actor variable 2: strongnetw_RS_T2
 periods    actors:  down   up   constant  missing  ;   steps:   down    up  total
  1  =>  2             2     2     108         9                    2     2     4
  2  =>  3             2     0     110         9                    2     0     2
  3  =>  4             0     5     107         9                    0     5     5
  4  =>  5             5     1     106         9                    5     1     6
  5  =>  6             1     2     109         9                    1     2     3
  6  =>  7             2     5     105         9                    2     5     7
  7  =>  8             5     2     105         9                    5     2     7
  8  =>  9             2     2     108         9                    2     2     4
  9  => 10             2     0     110         9                    2     0     2
 10  => 11             0     1     111         9                    0     1     1
 11  => 12             1     4     107         9                    1     4     5
 12  => 13             4     2     106         9                    4     2     6
 13  => 14             2     0     110         9                    2     0     2
 14  => 15             0     1     111         9                    0     1     1
 15  => 16             1     1     110         9                    1     1     2
 16  => 17             1     1     110         9                    1     1     2
 17  => 18             1     2     109         9                    1     2     3
 18  => 19             2     1     109         9                    2     1     3
 19  => 20             1     0     111         9                    1     0     1
 20  => 21             0     0     112         9                    0     0     0
 21  => 22             0     5     107         9                    0     5     5
 22  => 23             5     0     107         9                    5     0     5
 23  => 24             0     6     106         9                    0     6     6
 24  => 25             5     3     104         9                    5     3     8
 25  => 26             4     0     108         9                    4     0     4
 26  => 27             0     0     112         9                    0     0     0
 27  => 28             0     1     111         9                    0     1     1
 28  => 29             1     3     108         9                    1     3     4
 29  => 30             3     2     107         9                    3     2     5
 30  => 31             2     0     110         9                    2     0     2
 31  => 32             0     4     108         9                    0     4     4
 32  => 33             4     8     100         9                    4     8    12
 33  => 34             8     2     102         9                    8     2    10
 34  => 35             2     0     110         9                    2     0     2
 35  => 36             0     2     110         9                    0     2     2
 36  => 37             2     4     106         9                    2     4     6
 37  => 38             4     3     105         9                    4     3     7
 38  => 39             3     2     107         9                    3     2     5
 39  => 40             2     3     107         9                    2     3     5
 40  => 41             3     5     104         9                    3     5     8
 41  => 42             5     3     104         9                    5     3     8
 42  => 43             3     0     109         9                    3     0     3
 43  => 44             0     0     112         9                    0     0     0
 44  => 45             0     2     110         9                    0     2     2
 45  => 46             1     4     107         9                    1     4     5
 46  => 47             5     3     104         9                    5     3     8
 47  => 48             3     3     106         9                    3     3     6
 48  => 49             3     3     106         9                    3     3     6
 49  => 50             3     2     107         9                    3     2     5
 50  => 51             2     4     106         9                    2     4     6
 51  => 52             4     0     108         9                    4     0     4
 52  => 53             0     2     110         9                    0     2     2
 53  => 54             2     7     103         9                    2     7     9
 54  => 55             7     0     105         9                    7     0     7
 55  => 56             0     0     112         9                    0     0     0
 56  => 57             0     2     110         9                    0     2     2
 57  => 58             2     5     105         9                    2     5     7
 58  => 59             5     1     106         9                    5     1     6
 59  => 60             1     1     110         9                    1     1     2
 60  => 61             1     2     109         9                    1     2     3
 61  => 62             2     2     108         9                    2     2     4
 62  => 63             2     4     106         9                    2     4     6
 63  => 64             4     0     108         9                    4     0     4
 64  => 65             0     2     110         9                    0     2     2
 65  => 66             2     3     107         9                    2     3     5
 66  => 67             3     0     109         9                    3     0     3
 67  => 68             0     0     112         9                    0     0     0
 68  => 69             0     3     109         9                    0     3     3
 69  => 70             3     2     107         9                    3     2     5
 70  => 71             2     0     110         9                    2     0     2
 71  => 72             0     2     110         9                    0     2     2
 72  => 73             2     2     108         9                    2     2     4
 73  => 74             2     0     110         9                    2     0     2
 74  => 75             0     3     109         9                    0     3     3
 75  => 76             3     0     109         9                    3     0     3
 76  => 77             0     6     106         9                    0     6     6
 77  => 78             6     2     104         9                    6     2     8
 78  => 79             2     3     107         9                    2     3     5
 79  => 80             3     2     107         9                    3     2     5
 80  => 81             2     2     108         9                    2     2     4
 81  => 82             2     3     107         9                    2     3     5
 82  => 83             0     7     105         9                    0     7     7
 83  => 84            10     2     100         9                   10     2    12
 84  => 85             2     2     108         9                    2     2     4
 85  => 86             2     1     109         9                    2     1     3
 86  => 87             1     2     109         9                    1     2     3
 87  => 88             2     3     107         9                    2     3     5
 88  => 89             3     0     109         9                    3     0     3
 89  => 90             0     1     111         9                    0     1     1
 90  => 91             1     6     105         9                    1     6     7
 91  => 92             6     0     106         9                    6     0     6
 92  => 93             0     2     110         9                    0     2     2
 93  => 94             2     1     109         9                    2     1     3
 94  => 95             1     7     104         9                    1     7     8
 95  => 96             7     6      99         9                    7     6    13
 96  => 97             6     3     103         9                    6     3     9
 97  => 98             3     0     109         9                    3     0     3
 98  => 99             0     2     110         9                    0     2     2
 99  =>100             2     0     110         9                    2     0     2
100  =>101             0     1     111         9                    0     1     1
101  =>102             1     2     109         9                    1     2     3
102  =>103             2     4     106         9                    2     4     6
103  =>104             4     2     106         9                    4     2     6
104  =>105             2     2     108         9                    2     2     4
105  =>106             2     4     106         9                    2     4     6
106  =>107             4     0     108         9                    4     0     4
107  =>108             0     1     111         9                    0     1     1
108  =>109             1     5     106         9                    1     5     6
109  =>110             5     0     107         9                    5     0     5
110  =>111             0     0     112         9                    0     0     0
111  =>112             0     3     109         9                    0     3     3
112  =>113             3     0     109         9                    3     0     3
113  =>114             0     2     110         9                    0     2     2
114  =>115             2     0     110         9                    2     0     2
115  =>116             0     6     106         9                    0     6     6
116  =>117             6     2     104         9                    6     2     8
117  =>118             2     5     105         9                    2     5     7
118  =>119             5     6     101         9                    5     6    11
119  =>120             6     2     104         9                    6     2     8
120  =>121             2     1     109         9                    2     1     3

For this variable, the standard initial behavioral tendency parameter is  -0.0019

Initialisation of data set <<rsiena_try>> executed succesfully.
